fov10_20c8p_r70_original semantic 0 0.845501 0.022486 17740 1235 18975 0.900238 0.021918 7562 838 8400 0.155252 0.043710 127 20 107 34
fov10_20c8p_r70_original semantic 1 0.920094 0.003839 18791 184 18975 1.000000 0.000000 8400 0 8400 1.000000 0.000000 79 79 0 82
fov10_20c8p_r70_original semantic 2 0.927694 0.001422 18946 29 18975 1.000000 0.000000 8400 0 8400 1.000000 0.000000 79 79 0 82
fov10_20c8p_r70_original semantic 3 0.928061 0.000883 18958 17 18975 1.000000 0.000000 8400 0 8400 1.000000 0.000000 79 79 0 82
fov10_20c8p_r70_original semantic 4 0.928571 0.000000 18975 0 18975 1.000000 0.000000 8400 0 8400 1.000000 0.000000 79 79 0 82
fov10_20c8p_r70_original semantic 5 0.928571 0.000000 18975 0 18975 1.000000 0.000000 8400 0 8400 1.000000 0.000000 79 79 0 82
fov10_20c8p_r70_original semantic_random 0 0.845501 0.022486 17740 1235 18975 0.900238 0.021918 7562 838 8400 0.155252 0.043710 127 20 107 34
fov10_20c8p_r70_original semantic_random 1 0.854732 0.019033 17894 1081 18975 0.912619 0.017704 7666 734 8400 0.156838 0.046396 126 20 106 35
fov10_20c8p_r70_original semantic_random 2 0.862850 0.018548 18020 955 18975 0.923690 0.014438 7759 641 8400 0.174191 0.059203 124 22 102 37
fov10_20c8p_r70_original semantic_random 3 0.872634 0.015865 18157 818 18975 0.937262 0.015396 7873 527 8400 0.188750 0.053077 122 23 99 39
fov10_20c8p_r70_original semantic_random 4 0.878602 0.012369 18260 715 18975 0.944643 0.011807 7935 465 8400 0.222021 0.053274 118 27 91 43
fov10_20c8p_r70_original semantic_random 5 0.886598 0.009445 18363 612 18975 0.953809 0.007020 8012 388 8400 0.236574 0.057607 117 28 89 44
fov10_20c8p_r70_original semantic_lna k2=0 0.902387 0.018943 14501 1067 15568 0.879167 0.025643 5275 725 6000 0.123338 0.038072 88 11 77 29
fov10_20c8p_r70_original semantic_lna k2=1 0.926122 0.013968 14837 731 15568 0.912833 0.023459 5477 523 6000 0.183333 0.076376 83 16 67 34
fov10_20c8p_r70_original semantic_lna k2=2 0.927657 0.014154 14864 704 15568 0.912833 0.023459 5477 523 6000 0.183333 0.076376 83 16 67 34
fov10_20c8p_r70_original semantic_lna k2=3 0.927714 0.014097 14865 703 15568 0.912833 0.023459 5477 523 6000 0.183333 0.076376 83 16 67 34
fov10_20c8p_r70_original semantic_lna k2=4 0.927714 0.014097 14865 703 15568 0.912833 0.023459 5477 523 6000 0.183333 0.076376 83 16 67 34
fov10_20c8p_r70_original semantic_lna k2=5 0.927714 0.014097 14865 703 15568 0.912833 0.023459 5477 523 6000 0.183333 0.076376 83 16 67 34
fov10_20c8p_r70_original semantic_lna_random k2=0 0.902387 0.018943 14501 1067 15568 0.879167 0.025643 5275 725 6000 0.123338 0.038072 88 11 77 29
fov10_20c8p_r70_original semantic_lna_random k2=1 0.907424 0.017198 14575 993 15568 0.886333 0.024002 5318 682 6000 0.124339 0.037507 87 11 76 30
fov10_20c8p_r70_original semantic_lna_random k2=2 0.913947 0.016700 14656 912 15568 0.894333 0.026279 5366 634 6000 0.134262 0.038595 87 12 75 30
fov10_20c8p_r70_original semantic_lna_random k2=3 0.915572 0.016867 14689 879 15568 0.896167 0.026350 5377 623 6000 0.137749 0.060408 86 12 74 31
fov10_20c8p_r70_original semantic_lna_random k2=4 0.918516 0.015990 14730 838 15568 0.899667 0.025320 5398 602 6000 0.136748 0.061091 87 12 75 30
fov10_20c8p_r70_original semantic_lna_random k2=5 0.921412 0.016261 14767 801 15568 0.904000 0.025105 5424 576 6000 0.167761 0.073077 86 15 71 31
fov10_20c8p_r70_original semantic_lna_single k2=0 0.895628 0.017348 14578 1095 15673 0.873833 0.020324 5243 757 6000 0.123597 0.048481 89 11 78 22
fov10_20c8p_r70_original semantic_lna_single k2=1 0.911377 0.015776 14796 877 15673 0.898500 0.022489 5391 609 6000 0.185657 0.082086 82 16 66 29
fov10_20c8p_r70_original semantic_lna_single k2=2 0.912499 0.016258 14815 858 15673 0.898500 0.022489 5391 609 6000 0.185657 0.082086 82 16 66 29
fov10_20c8p_r70_original semantic_lna_single k2=3 0.912557 0.016192 14816 857 15673 0.898500 0.022489 5391 609 6000 0.185657 0.082086 82 16 66 29
fov10_20c8p_r70_original semantic_lna_single k2=4 0.912557 0.016192 14816 857 15673 0.898500 0.022489 5391 609 6000 0.185657 0.082086 82 16 66 29
fov10_20c8p_r70_original semantic_lna_single k2=5 0.912557 0.016192 14816 857 15673 0.898500 0.022489 5391 609 6000 0.185657 0.082086 82 16 66 29
fov10_20c8p_r70_original semantic_lna_random_single k2=0 0.895628 0.017348 14578 1095 15673 0.873833 0.020324 5243 757 6000 0.123597 0.048481 89 11 78 22
fov10_20c8p_r70_original semantic_lna_random_single k2=1 0.899226 0.016525 14636 1037 15673 0.878833 0.020410 5273 727 6000 0.161818 0.066553 89 15 74 22
fov10_20c8p_r70_original semantic_lna_random_single k2=2 0.902298 0.016250 14685 988 15673 0.884500 0.021077 5307 693 6000 0.145459 0.064289 88 13 75 23
fov10_20c8p_r70_original semantic_lna_random_single k2=3 0.904997 0.015383 14719 954 15673 0.889333 0.020618 5336 664 6000 0.164795 0.065206 87 15 72 24
fov10_20c8p_r70_original semantic_lna_random_single k2=4 0.906926 0.015003 14742 931 15673 0.891167 0.020817 5347 653 6000 0.168398 0.067487 85 15 70 26
fov10_20c8p_r70_original semantic_lna_random_single k2=5 0.908343 0.014395 14762 911 15673 0.892833 0.020386 5357 643 6000 0.168398 0.067487 85 15 70 26
