fov5_20c8p_r70_original semantic 0 0.804812 0.021966 16815 1996 18811 0.842024 0.017414 7073 1327 8400 0.128379 0.058512 148 20 128 34
fov5_20c8p_r70_original semantic 1 0.912873 0.004060 18455 356 18811 1.000000 0.000000 8400 0 8400 1.000000 0.000000 99 99 0 83
fov5_20c8p_r70_original semantic 2 0.927980 0.000299 18796 15 18811 1.000000 0.000000 8400 0 8400 1.000000 0.000000 99 99 0 83
fov5_20c8p_r70_original semantic 3 0.928571 0.000000 18811 0 18811 1.000000 0.000000 8400 0 8400 1.000000 0.000000 99 99 0 83
fov5_20c8p_r70_original semantic 4 0.928571 0.000000 18811 0 18811 1.000000 0.000000 8400 0 8400 1.000000 0.000000 99 99 0 83
fov5_20c8p_r70_original semantic 5 0.928571 0.000000 18811 0 18811 1.000000 0.000000 8400 0 8400 1.000000 0.000000 99 99 0 83
fov5_20c8p_r70_original semantic_random 0 0.804812 0.021966 16815 1996 18811 0.842024 0.017414 7073 1327 8400 0.128379 0.058512 148 20 128 34
fov5_20c8p_r70_original semantic_random 1 0.819149 0.018245 17055 1756 18811 0.861905 0.014363 7240 1160 8400 0.143725 0.058073 147 22 125 35
fov5_20c8p_r70_original semantic_random 2 0.833318 0.012491 17292 1519 18811 0.884524 0.010488 7430 970 8400 0.146649 0.087622 147 23 124 35
fov5_20c8p_r70_original semantic_random 3 0.843628 0.013887 17485 1326 18811 0.899166 0.011262 7553 847 8400 0.154650 0.083634 145 24 121 37
fov5_20c8p_r70_original semantic_random 4 0.855675 0.009160 17676 1135 18811 0.914047 0.009136 7678 722 8400 0.165393 0.060163 144 25 119 38
fov5_20c8p_r70_original semantic_random 5 0.866764 0.003817 17839 972 18811 0.928929 0.006546 7803 597 8400 0.168706 0.067787 143 25 118 39
fov5_20c8p_r70_original semantic_lna k2=0 0.868495 0.025458 13870 1477 15347 0.819167 0.026312 4915 1085 6000 0.113853 0.053032 110 13 97 21
fov5_20c8p_r70_original semantic_lna k2=1 0.895198 0.022284 14267 1080 15347 0.871167 0.026326 5227 773 6000 0.196262 0.064329 103 21 82 28
fov5_20c8p_r70_original semantic_lna k2=2 0.899533 0.022952 14342 1005 15347 0.871167 0.026326 5227 773 6000 0.196262 0.064329 103 21 82 28
fov5_20c8p_r70_original semantic_lna k2=3 0.899692 0.022961 14345 1002 15347 0.871167 0.026326 5227 773 6000 0.196262 0.064329 103 21 82 28
fov5_20c8p_r70_original semantic_lna k2=4 0.899692 0.022961 14345 1002 15347 0.871167 0.026326 5227 773 6000 0.196262 0.064329 103 21 82 28
fov5_20c8p_r70_original semantic_lna k2=5 0.899692 0.022961 14345 1002 15347 0.871167 0.026326 5227 773 6000 0.196262 0.064329 103 21 82 28
fov5_20c8p_r70_original semantic_lna_random k2=0 0.868495 0.025458 13870 1477 15347 0.819167 0.026312 4915 1085 6000 0.113853 0.053032 110 13 97 21
fov5_20c8p_r70_original semantic_lna_random k2=1 0.874742 0.023752 13969 1378 15347 0.829333 0.024932 4976 1024 6000 0.133958 0.050384 108 15 93 23
fov5_20c8p_r70_original semantic_lna_random k2=2 0.879870 0.023714 14048 1299 15347 0.838167 0.025760 5029 971 6000 0.140947 0.064905 109 16 93 22
fov5_20c8p_r70_original semantic_lna_random k2=3 0.885423 0.023116 14128 1219 15347 0.847500 0.025105 5085 915 6000 0.141894 0.063821 108 16 92 23
fov5_20c8p_r70_original semantic_lna_random k2=4 0.888414 0.022631 14176 1171 15347 0.852667 0.025101 5116 884 6000 0.150839 0.076283 107 17 90 24
fov5_20c8p_r70_original semantic_lna_random k2=5 0.891173 0.022932 14223 1124 15347 0.857667 0.026160 5146 854 6000 0.169057 0.085439 107 19 88 24
fov5_20c8p_r70_original semantic_lna_single k2=0 0.871650 0.024671 13979 1456 15435 0.824667 0.021286 4948 1052 6000 0.112886 0.028567 114 13 101 19
fov5_20c8p_r70_original semantic_lna_single k2=1 0.899367 0.020622 14361 1074 15435 0.873167 0.018936 5239 761 6000 0.211514 0.089298 104 22 82 29
fov5_20c8p_r70_original semantic_lna_single k2=2 0.902065 0.020233 14411 1024 15435 0.873167 0.018936 5239 761 6000 0.211514 0.089298 104 22 82 29
fov5_20c8p_r70_original semantic_lna_single k2=3 0.902278 0.020335 14415 1020 15435 0.873167 0.018936 5239 761 6000 0.211514 0.089298 104 22 82 29
fov5_20c8p_r70_original semantic_lna_single k2=4 0.902278 0.020335 14415 1020 15435 0.873167 0.018936 5239 761 6000 0.211514 0.089298 104 22 82 29
fov5_20c8p_r70_original semantic_lna_single k2=5 0.902278 0.020335 14415 1020 15435 0.873167 0.018936 5239 761 6000 0.211514 0.089298 104 22 82 29
fov5_20c8p_r70_original semantic_lna_random_single k2=0 0.871650 0.024671 13979 1456 15435 0.824667 0.021286 4948 1052 6000 0.112886 0.028567 114 13 101 19
fov5_20c8p_r70_original semantic_lna_random_single k2=1 0.878532 0.022563 14087 1348 15435 0.835167 0.020040 5011 989 6000 0.121212 0.037879 113 14 99 20
fov5_20c8p_r70_original semantic_lna_random_single k2=2 0.884789 0.022405 14179 1256 15435 0.847500 0.020791 5085 915 6000 0.141775 0.054232 111 16 95 22
fov5_20c8p_r70_original semantic_lna_random_single k2=3 0.888791 0.020431 14232 1203 15435 0.853833 0.019002 5123 877 6000 0.152293 0.059726 111 17 94 22
fov5_20c8p_r70_original semantic_lna_random_single k2=4 0.892342 0.020349 14277 1158 15435 0.859000 0.019346 5154 846 6000 0.175549 0.086859 111 20 91 22
fov5_20c8p_r70_original semantic_lna_random_single k2=5 0.896171 0.019947 14324 1111 15435 0.864167 0.018058 5185 815 6000 0.168843 0.089525 109 19 90 24
