fov7_10c8p_r70_discriminative semantic 0 0.948923 0.010418 152158 8224 160382 0.884815 0.019956 4778 622 5400 0.045635 0.047743 73 3 70 14
fov7_10c8p_r70_discriminative semantic 1 0.984918 0.001511 157953 2429 160382 0.979630 0.007398 5290 110 5400 0.371429 0.144984 50 19 31 37
fov7_10c8p_r70_discriminative semantic 2 0.994832 0.002939 159551 831 160382 0.993704 0.004243 5366 34 5400 0.690599 0.165406 43 30 13 44
fov7_10c8p_r70_discriminative semantic 3 0.998891 0.000701 160205 177 160382 0.999444 0.000962 5397 3 5400 0.966667 0.057735 35 34 1 52
fov7_10c8p_r70_discriminative semantic 4 0.999841 0.000182 160357 25 160382 1.000000 0.000000 5400 0 5400 1.000000 0.000000 34 34 0 53
fov7_10c8p_r70_discriminative semantic 5 1.000000 0.000000 160382 0 160382 1.000000 0.000000 5400 0 5400 1.000000 0.000000 34 34 0 53
fov7_10c8p_r70_discriminative semantic_random 0 0.948923 0.010418 152158 8224 160382 0.884815 0.019956 4778 622 5400 0.045635 0.047743 73 3 70 14
fov7_10c8p_r70_discriminative semantic_random 1 0.958476 0.009432 153696 6686 160382 0.908518 0.019738 4906 494 5400 0.057981 0.032349 72 4 68 15
fov7_10c8p_r70_discriminative semantic_random 2 0.965350 0.008607 154803 5579 160382 0.926852 0.017368 5005 395 5400 0.060732 0.052758 71 4 67 16
fov7_10c8p_r70_discriminative semantic_random 3 0.972200 0.007304 155905 4477 160382 0.941852 0.011868 5086 314 5400 0.088716 0.048358 71 6 65 16
fov7_10c8p_r70_discriminative semantic_random 4 0.977613 0.006287 156777 3605 160382 0.955556 0.008678 5160 240 5400 0.132401 0.043482 68 9 59 19
fov7_10c8p_r70_discriminative semantic_random 5 0.981934 0.004601 157472 2910 160382 0.964074 0.007705 5206 194 5400 0.197436 0.100099 66 13 53 21
fov7_10c8p_r70_discriminative semantic_lna k2=0 0.969125 0.004741 86553 2757 89310 0.843333 0.036828 2530 470 3000 0.056760 0.058932 58 3 55 3
fov7_10c8p_r70_discriminative semantic_lna k2=1 0.979756 0.005082 87502 1808 89310 0.898000 0.021932 2694 306 3000 0.123872 0.016763 56 7 49 5
fov7_10c8p_r70_discriminative semantic_lna k2=2 0.982077 0.004689 87709 1601 89310 0.903333 0.021221 2710 290 3000 0.131481 0.019511 53 7 46 8
fov7_10c8p_r70_discriminative semantic_lna k2=3 0.983510 0.003530 87837 1473 89310 0.905333 0.019399 2716 284 3000 0.131481 0.019511 53 7 46 8
fov7_10c8p_r70_discriminative semantic_lna k2=4 0.983610 0.003605 87846 1464 89310 0.905333 0.019399 2716 284 3000 0.131481 0.019511 53 7 46 8
fov7_10c8p_r70_discriminative semantic_lna k2=5 0.983622 0.003617 87847 1463 89310 0.905333 0.019399 2716 284 3000 0.131481 0.019511 53 7 46 8
fov7_10c8p_r70_discriminative semantic_lna_random k2=0 0.969125 0.004741 86553 2757 89310 0.843333 0.036828 2530 470 3000 0.056760 0.058932 58 3 55 3
fov7_10c8p_r70_discriminative semantic_lna_random k2=1 0.973642 0.003821 86956 2354 89310 0.867000 0.027839 2601 399 3000 0.057734 0.058854 57 3 54 4
fov7_10c8p_r70_discriminative semantic_lna_random k2=2 0.976662 0.004796 87226 2084 89310 0.878333 0.033650 2635 365 3000 0.072633 0.039064 57 4 53 4
fov7_10c8p_r70_discriminative semantic_lna_random k2=3 0.979108 0.004144 87444 1866 89310 0.888333 0.027209 2665 335 3000 0.094577 0.041255 55 5 50 6
fov7_10c8p_r70_discriminative semantic_lna_random k2=4 0.981098 0.004104 87622 1688 89310 0.896000 0.023580 2688 312 3000 0.095370 0.039901 54 5 49 7
fov7_10c8p_r70_discriminative semantic_lna_random k2=5 0.982039 0.004076 87706 1604 89310 0.901333 0.022301 2704 296 3000 0.123872 0.016763 56 7 49 5
fov7_10c8p_r70_discriminative semantic_lna_single k2=0 0.968775 0.004862 86437 2785 89222 0.847000 0.038197 2541 459 3000 0.037152 0.032323 58 2 56 5
fov7_10c8p_r70_discriminative semantic_lna_single k2=1 0.980688 0.003668 87499 1723 89222 0.900667 0.020648 2702 298 3000 0.069655 0.018731 56 4 52 7
fov7_10c8p_r70_discriminative semantic_lna_single k2=2 0.983436 0.003382 87744 1478 89222 0.911333 0.017786 2734 266 3000 0.118021 0.073294 53 6 47 10
fov7_10c8p_r70_discriminative semantic_lna_single k2=3 0.984958 0.002304 87880 1342 89222 0.912000 0.016643 2736 264 3000 0.118021 0.073294 53 6 47 10
fov7_10c8p_r70_discriminative semantic_lna_single k2=4 0.985036 0.002384 87887 1335 89222 0.912000 0.016643 2736 264 3000 0.118021 0.073294 53 6 47 10
fov7_10c8p_r70_discriminative semantic_lna_single k2=5 0.985036 0.002384 87887 1335 89222 0.912000 0.016643 2736 264 3000 0.118021 0.073294 53 6 47 10
fov7_10c8p_r70_discriminative semantic_lna_random_single k2=0 0.968775 0.004862 86437 2785 89222 0.847000 0.038197 2541 459 3000 0.037152 0.032323 58 2 56 5
fov7_10c8p_r70_discriminative semantic_lna_random_single k2=1 0.974327 0.003496 86932 2290 89222 0.871667 0.026274 2615 385 3000 0.052304 0.006691 58 3 55 5
fov7_10c8p_r70_discriminative semantic_lna_random_single k2=2 0.977578 0.003493 87222 2000 89222 0.887000 0.026211 2661 339 3000 0.072886 0.039092 57 4 53 6
fov7_10c8p_r70_discriminative semantic_lna_random_single k2=3 0.980036 0.003341 87441 1781 89222 0.895333 0.021548 2686 314 3000 0.078115 0.048086 55 4 51 8
fov7_10c8p_r70_discriminative semantic_lna_random_single k2=4 0.982312 0.002859 87644 1578 89222 0.902667 0.022279 2708 292 3000 0.115488 0.075294 55 6 49 8
fov7_10c8p_r70_discriminative semantic_lna_random_single k2=5 0.983433 0.002751 87744 1478 89222 0.905000 0.019975 2715 285 3000 0.116578 0.074006 54 6 48 9
