fov7_20c12p_r70_discriminative semantic 0 0.912943 0.003350 259815 24836 284651 0.940625 0.014554 9030 570 9600 0.000000 0.000000 64 0 64 47
fov7_20c12p_r70_discriminative semantic 1 0.963953 0.002511 274368 10283 284651 0.989895 0.001804 9503 97 9600 0.208061 0.036439 47 10 37 64
fov7_20c12p_r70_discriminative semantic 2 0.980697 0.003545 279151 5500 284651 0.997395 0.000722 9575 25 9600 0.439815 0.062628 29 13 16 82
fov7_20c12p_r70_discriminative semantic 3 0.988051 0.002406 281254 3397 284651 0.999375 0.000542 9594 6 9600 0.763889 0.104859 18 14 4 93
fov7_20c12p_r70_discriminative semantic 4 0.993028 0.001457 282671 1980 284651 0.999896 0.000180 9599 1 9600 0.958333 0.072169 15 14 1 96
fov7_20c12p_r70_discriminative semantic 5 0.997583 0.000630 283965 686 284651 1.000000 0.000000 9600 0 9600 1.000000 0.000000 15 15 0 96
fov7_20c12p_r70_discriminative semantic_random 0 0.912943 0.003350 259815 24836 284651 0.940625 0.014554 9030 570 9600 0.000000 0.000000 64 0 64 47
fov7_20c12p_r70_discriminative semantic_random 1 0.923707 0.002427 262893 21758 284651 0.950625 0.011366 9126 474 9600 0.000000 0.000000 63 0 63 48
fov7_20c12p_r70_discriminative semantic_random 2 0.931759 0.002099 265189 19462 284651 0.957917 0.009583 9196 404 9600 0.000000 0.000000 61 0 61 50
fov7_20c12p_r70_discriminative semantic_random 3 0.938227 0.002219 267034 17617 284651 0.965000 0.006760 9264 336 9600 0.029644 0.025692 63 2 61 48
fov7_20c12p_r70_discriminative semantic_random 4 0.944314 0.001194 268775 15876 284651 0.968958 0.006497 9302 298 9600 0.049678 0.006045 61 3 58 50
fov7_20c12p_r70_discriminative semantic_random 5 0.949800 0.000676 270338 14313 284651 0.973229 0.007707 9343 257 9600 0.068093 0.028429 59 4 55 52
fov7_20c12p_r70_discriminative semantic_lna k2=0 0.939761 0.024555 167628 10729 178357 0.924500 0.005292 5547 453 6000 0.020833 0.036084 49 1 48 26
fov7_20c12p_r70_discriminative semantic_lna k2=1 0.960306 0.015806 171300 7057 178357 0.948667 0.001041 5692 308 6000 0.086111 0.074691 45 4 41 30
fov7_20c12p_r70_discriminative semantic_lna k2=2 0.972089 0.008247 173391 4966 178357 0.950667 0.001893 5704 296 6000 0.092063 0.079871 43 4 39 32
fov7_20c12p_r70_discriminative semantic_lna k2=3 0.977344 0.007859 174321 4036 178357 0.953667 0.003786 5722 278 6000 0.092063 0.079871 41 4 37 34
fov7_20c12p_r70_discriminative semantic_lna k2=4 0.982193 0.006194 175178 3179 178357 0.954000 0.003606 5724 276 6000 0.092063 0.079871 41 4 37 34
fov7_20c12p_r70_discriminative semantic_lna k2=5 0.983608 0.005664 175429 2928 178357 0.954333 0.003512 5726 274 6000 0.095726 0.083533 40 4 36 35
fov7_20c12p_r70_discriminative semantic_lna_random k2=0 0.939761 0.024555 167628 10729 178357 0.924500 0.005292 5547 453 6000 0.020833 0.036084 49 1 48 26
fov7_20c12p_r70_discriminative semantic_lna_random k2=1 0.947916 0.020485 169081 9276 178357 0.930333 0.003617 5582 418 6000 0.041667 0.072169 49 2 47 26
fov7_20c12p_r70_discriminative semantic_lna_random k2=2 0.952566 0.018021 169907 8450 178357 0.936333 0.003175 5618 382 6000 0.041667 0.072169 48 2 46 27
fov7_20c12p_r70_discriminative semantic_lna_random k2=3 0.957844 0.015801 170846 7511 178357 0.941500 0.000866 5649 351 6000 0.041667 0.072169 48 2 46 27
fov7_20c12p_r70_discriminative semantic_lna_random k2=4 0.962234 0.014075 171626 6731 178357 0.943000 0.002000 5658 342 6000 0.047619 0.082479 45 2 43 30
fov7_20c12p_r70_discriminative semantic_lna_random k2=5 0.965886 0.011911 172275 6082 178357 0.946000 0.003279 5676 324 6000 0.047619 0.082479 46 2 44 29
fov7_20c12p_r70_discriminative semantic_lna_single k2=0 0.939422 0.024804 167567 10790 178357 0.924500 0.005292 5547 453 6000 0.020833 0.036084 49 1 48 26
fov7_20c12p_r70_discriminative semantic_lna_single k2=1 0.960450 0.014899 171327 7030 178357 0.948000 0.004770 5688 312 6000 0.088889 0.076980 43 4 39 32
fov7_20c12p_r70_discriminative semantic_lna_single k2=2 0.969841 0.010375 172991 5366 178357 0.951000 0.003500 5706 294 6000 0.098901 0.085827 39 4 35 36
fov7_20c12p_r70_discriminative semantic_lna_single k2=3 0.973892 0.012492 173709 4648 178357 0.954000 0.000500 5724 276 6000 0.126984 0.112520 38 5 33 37
fov7_20c12p_r70_discriminative semantic_lna_single k2=4 0.976603 0.013346 174189 4168 178357 0.954333 0.001041 5726 274 6000 0.126984 0.112520 38 5 33 37
fov7_20c12p_r70_discriminative semantic_lna_single k2=5 0.977905 0.014379 174422 3935 178357 0.954667 0.001607 5728 272 6000 0.132035 0.115492 37 5 32 38
fov7_20c12p_r70_discriminative semantic_lna_random_single k2=0 0.939422 0.024804 167567 10790 178357 0.924500 0.005292 5547 453 6000 0.020833 0.036084 49 1 48 26
fov7_20c12p_r70_discriminative semantic_lna_random_single k2=1 0.946294 0.022176 168789 9568 178357 0.933333 0.003617 5600 400 6000 0.083333 0.072169 48 4 44 27
fov7_20c12p_r70_discriminative semantic_lna_random_single k2=2 0.952691 0.019067 169928 8429 178357 0.937167 0.002363 5623 377 6000 0.062500 0.062500 48 3 45 27
fov7_20c12p_r70_discriminative semantic_lna_random_single k2=3 0.957480 0.017170 170780 7577 178357 0.941000 0.000500 5646 354 6000 0.064052 0.066820 48 3 45 27
fov7_20c12p_r70_discriminative semantic_lna_random_single k2=4 0.961648 0.015231 171522 6835 178357 0.944667 0.003175 5668 332 6000 0.086111 0.074691 47 4 43 28
fov7_20c12p_r70_discriminative semantic_lna_random_single k2=5 0.964662 0.014908 172060 6297 178357 0.946000 0.001732 5676 324 6000 0.062500 0.062500 46 3 43 29
