fov7_20c4p_r70_discriminative semantic 0 0.935444 0.017315 199878 13804 213682 0.902778 0.019483 6500 700 7200 0.009009 0.015604 74 1 73 26
fov7_20c4p_r70_discriminative semantic 1 0.968742 0.010596 207003 6679 213682 0.980417 0.007982 7059 141 7200 0.174298 0.102729 53 11 42 47
fov7_20c4p_r70_discriminative semantic 2 0.986759 0.005495 210857 2825 213682 0.993056 0.004571 7150 50 7200 0.517857 0.099425 39 22 17 61
fov7_20c4p_r70_discriminative semantic 3 0.993971 0.003573 212395 1287 213682 0.997500 0.001816 7182 18 7200 0.735353 0.121073 33 25 8 67
fov7_20c4p_r70_discriminative semantic 4 0.997842 0.002295 213224 458 213682 0.999028 0.000867 7193 7 7200 0.912698 0.083616 30 27 3 70
fov7_20c4p_r70_discriminative semantic 5 0.999897 0.000036 213660 22 213682 1.000000 0.000000 7200 0 7200 1.000000 0.000000 28 28 0 72
fov7_20c4p_r70_discriminative semantic_random 0 0.935444 0.017315 199878 13804 213682 0.902778 0.019483 6500 700 7200 0.009009 0.015604 74 1 73 26
fov7_20c4p_r70_discriminative semantic_random 1 0.944414 0.016205 201799 11883 213682 0.923889 0.015031 6652 548 7200 0.009259 0.016038 72 1 71 28
fov7_20c4p_r70_discriminative semantic_random 2 0.951429 0.014185 203298 10384 213682 0.936389 0.014370 6742 458 7200 0.027778 0.048112 72 3 69 28
fov7_20c4p_r70_discriminative semantic_random 3 0.957010 0.012917 204494 9188 213682 0.947917 0.012937 6825 375 7200 0.063564 0.067922 72 6 66 28
fov7_20c4p_r70_discriminative semantic_random 4 0.962714 0.011357 205710 7972 213682 0.957361 0.013238 6893 307 7200 0.049020 0.044927 67 4 63 33
fov7_20c4p_r70_discriminative semantic_random 5 0.966279 0.010917 206475 7207 213682 0.964861 0.011345 6947 253 7200 0.065163 0.072248 69 6 63 31
fov7_20c4p_r70_discriminative semantic_lna k2=0 0.937631 0.018119 167366 11128 178494 0.904000 0.030939 5424 576 6000 0.010101 0.017495 63 1 62 23
fov7_20c4p_r70_discriminative semantic_lna k2=1 0.962363 0.011247 171789 6705 178494 0.939333 0.012014 5636 364 6000 0.052083 0.090211 62 5 57 24
fov7_20c4p_r70_discriminative semantic_lna k2=2 0.976193 0.003594 174256 4238 178494 0.944000 0.009657 5664 336 6000 0.064516 0.111745 59 6 53 27
fov7_20c4p_r70_discriminative semantic_lna k2=3 0.982647 0.002248 175397 3097 178494 0.949000 0.009341 5694 306 6000 0.073371 0.081623 58 6 52 28
fov7_20c4p_r70_discriminative semantic_lna k2=4 0.985839 0.004629 175966 2528 178494 0.949167 0.009609 5695 305 6000 0.073371 0.081623 58 6 52 28
fov7_20c4p_r70_discriminative semantic_lna k2=5 0.987433 0.006116 176249 2245 178494 0.949667 0.010420 5698 302 6000 0.073371 0.081623 57 6 51 29
fov7_20c4p_r70_discriminative semantic_lna_random k2=0 0.937631 0.018119 167366 11128 178494 0.904000 0.030939 5424 576 6000 0.010101 0.017495 63 1 62 23
fov7_20c4p_r70_discriminative semantic_lna_random k2=1 0.945382 0.015071 168745 9749 178494 0.914833 0.025151 5489 511 6000 0.030303 0.052486 63 3 60 23
fov7_20c4p_r70_discriminative semantic_lna_random k2=2 0.952470 0.013324 170007 8487 178494 0.924833 0.020337 5549 451 6000 0.020202 0.034991 62 2 60 24
fov7_20c4p_r70_discriminative semantic_lna_random k2=3 0.957900 0.010204 170973 7521 178494 0.927000 0.022754 5562 438 6000 0.030303 0.052486 63 3 60 23
fov7_20c4p_r70_discriminative semantic_lna_random k2=4 0.962772 0.009699 171842 6652 178494 0.930000 0.018875 5580 420 6000 0.031250 0.054127 62 3 59 24
fov7_20c4p_r70_discriminative semantic_lna_random k2=5 0.966749 0.007316 172551 5943 178494 0.934500 0.014807 5607 393 6000 0.031250 0.054127 61 3 58 25
fov7_20c4p_r70_discriminative semantic_lna_single k2=0 0.938909 0.019073 167591 10904 178495 0.905167 0.029353 5431 569 6000 0.010101 0.017495 63 1 62 23
fov7_20c4p_r70_discriminative semantic_lna_single k2=1 0.961812 0.011805 171691 6804 178495 0.937167 0.012712 5623 377 6000 0.053763 0.093121 58 5 53 28
fov7_20c4p_r70_discriminative semantic_lna_single k2=2 0.975160 0.007283 174074 4421 178495 0.940833 0.011117 5645 355 6000 0.055556 0.096225 55 5 50 31
fov7_20c4p_r70_discriminative semantic_lna_single k2=3 0.980007 0.006772 174931 3564 178495 0.944333 0.009866 5666 334 6000 0.055556 0.096225 54 5 49 32
fov7_20c4p_r70_discriminative semantic_lna_single k2=4 0.982497 0.008690 175375 3120 178495 0.944500 0.009987 5667 333 6000 0.055556 0.096225 54 5 49 32
fov7_20c4p_r70_discriminative semantic_lna_single k2=5 0.983828 0.010209 175611 2884 178495 0.945000 0.010392 5670 330 6000 0.055556 0.096225 53 5 48 33
fov7_20c4p_r70_discriminative semantic_lna_random_single k2=0 0.938909 0.019073 167591 10904 178495 0.905167 0.029353 5431 569 6000 0.010101 0.017495 63 1 62 23
fov7_20c4p_r70_discriminative semantic_lna_random_single k2=1 0.948297 0.015899 169264 9231 178495 0.917333 0.023714 5504 496 6000 0.020833 0.036084 62 2 60 24
fov7_20c4p_r70_discriminative semantic_lna_random_single k2=2 0.955702 0.013668 170584 7911 178495 0.925000 0.019313 5550 450 6000 0.020202 0.034991 62 2 60 24
fov7_20c4p_r70_discriminative semantic_lna_random_single k2=3 0.959856 0.012990 171325 7170 178495 0.930333 0.015861 5582 418 6000 0.043011 0.074497 58 4 54 28
fov7_20c4p_r70_discriminative semantic_lna_random_single k2=4 FAIL 0 0 0 0 FAIL 0 0 0 0 FAIL 0 0 0 0 0
fov7_20c4p_r70_discriminative semantic_lna_random_single k2=5 FAIL 0 0 0 0 FAIL 0 0 0 0 FAIL 0 0 0 0 0
