fov10_20c8p_r70_spatial semantic 0 0.907300 0.016107 185975 19100 205075 0.970476 0.010110 8152 248 8400 0.000000 0.000000 38 0 38 46
fov10_20c8p_r70_spatial semantic 1 0.968782 0.004214 198680 6395 205075 0.997500 0.001071 8379 21 8400 0.000000 0.000000 10 0 10 74
fov10_20c8p_r70_spatial semantic 2 0.987787 0.003964 202610 2465 205075 0.999881 0.000206 8399 1 8400 0.000000 0.000000 1 0 1 83
fov10_20c8p_r70_spatial semantic 3 0.995519 0.002463 204179 896 205075 1.000000 0.000000 8400 0 8400 0.000000 0.000000 0 0 0 84
fov10_20c8p_r70_spatial semantic 4 0.999751 0.000260 205026 49 205075 1.000000 0.000000 8400 0 8400 0.000000 0.000000 0 0 0 84
fov10_20c8p_r70_spatial semantic 5 0.999971 0.000050 205069 6 205075 1.000000 0.000000 8400 0 8400 0.000000 0.000000 0 0 0 84
fov10_20c8p_r70_spatial semantic_random 0 0.907300 0.016107 185975 19100 205075 0.970476 0.010110 8152 248 8400 0.000000 0.000000 38 0 38 46
fov10_20c8p_r70_spatial semantic_random 1 0.916910 0.012640 187963 17112 205075 0.975000 0.009265 8190 210 8400 0.000000 0.000000 36 0 36 48
fov10_20c8p_r70_spatial semantic_random 2 0.926035 0.010963 189850 15225 205075 0.978452 0.006291 8219 181 8400 0.000000 0.000000 36 0 36 48
fov10_20c8p_r70_spatial semantic_random 3 0.933795 0.010226 191453 13622 205075 0.983571 0.005901 8262 138 8400 0.000000 0.000000 36 0 36 48
fov10_20c8p_r70_spatial semantic_random 4 0.941518 0.006377 193045 12030 205075 0.986191 0.002995 8284 116 8400 0.000000 0.000000 35 0 35 49
fov10_20c8p_r70_spatial semantic_random 5 0.949410 0.005538 194671 10404 205075 0.989167 0.001797 8309 91 8400 0.000000 0.000000 30 0 30 54
fov10_20c8p_r70_spatial semantic_lna k2=0 0.925798 0.009340 135584 11019 146603 0.970000 0.009097 5820 180 6000 0.000000 0.000000 27 0 27 33
fov10_20c8p_r70_spatial semantic_lna k2=1 0.965710 0.009131 141510 5093 146603 0.985000 0.002646 5910 90 6000 0.000000 0.000000 18 0 18 42
fov10_20c8p_r70_spatial semantic_lna k2=2 0.978842 0.005563 143455 3148 146603 0.985833 0.001893 5915 85 6000 0.000000 0.000000 18 0 18 42
fov10_20c8p_r70_spatial semantic_lna k2=3 0.981215 0.005794 143808 2795 146603 0.986000 0.001732 5916 84 6000 0.000000 0.000000 17 0 17 43
fov10_20c8p_r70_spatial semantic_lna k2=4 0.981395 0.005933 143834 2769 146603 0.986000 0.001732 5916 84 6000 0.000000 0.000000 17 0 17 43
fov10_20c8p_r70_spatial semantic_lna k2=5 0.981415 0.005950 143837 2766 146603 0.986000 0.001732 5916 84 6000 0.000000 0.000000 17 0 17 43
fov10_20c8p_r70_spatial semantic_lna_random k2=0 0.925798 0.009340 135584 11019 146603 0.970000 0.009097 5820 180 6000 0.000000 0.000000 27 0 27 33
fov10_20c8p_r70_spatial semantic_lna_random k2=1 0.936262 0.006513 137140 9463 146603 0.974333 0.008251 5846 154 6000 0.000000 0.000000 26 0 26 34
fov10_20c8p_r70_spatial semantic_lna_random k2=2 0.942954 0.005587 138135 8468 146603 0.975833 0.006252 5855 145 6000 0.000000 0.000000 24 0 24 36
fov10_20c8p_r70_spatial semantic_lna_random k2=3 0.949136 0.005158 139054 7549 146603 0.977500 0.005074 5865 135 6000 0.000000 0.000000 26 0 26 34
fov10_20c8p_r70_spatial semantic_lna_random k2=4 0.955198 0.005448 139956 6647 146603 0.980500 0.004093 5883 117 6000 0.000000 0.000000 23 0 23 37
fov10_20c8p_r70_spatial semantic_lna_random k2=5 0.961289 0.004352 140856 5747 146603 0.981333 0.003512 5888 112 6000 0.000000 0.000000 21 0 21 39
fov10_20c8p_r70_spatial semantic_lna_single k2=0 0.927840 0.006855 135890 10713 146603 0.970167 0.009385 5821 179 6000 0.000000 0.000000 27 0 27 33
fov10_20c8p_r70_spatial semantic_lna_single k2=1 0.966655 0.008145 141647 4956 146603 0.983667 0.003884 5902 98 6000 0.000000 0.000000 18 0 18 42
fov10_20c8p_r70_spatial semantic_lna_single k2=2 0.982551 0.007816 144007 2596 146603 0.983833 0.003819 5903 97 6000 0.000000 0.000000 18 0 18 42
fov10_20c8p_r70_spatial semantic_lna_single k2=3 0.985524 0.009187 144450 2153 146603 0.984000 0.003606 5904 96 6000 0.000000 0.000000 17 0 17 43
fov10_20c8p_r70_spatial semantic_lna_single k2=4 0.985718 0.009173 144478 2125 146603 0.984000 0.003606 5904 96 6000 0.000000 0.000000 17 0 17 43
fov10_20c8p_r70_spatial semantic_lna_single k2=5 0.985738 0.009170 144481 2122 146603 0.984000 0.003606 5904 96 6000 0.000000 0.000000 17 0 17 43
fov10_20c8p_r70_spatial semantic_lna_random_single k2=0 0.927840 0.006855 135890 10713 146603 0.970167 0.009385 5821 179 6000 0.000000 0.000000 27 0 27 33
fov10_20c8p_r70_spatial semantic_lna_random_single k2=1 0.940810 0.003383 137813 8790 146603 0.974833 0.007024 5849 151 6000 0.000000 0.000000 27 0 27 33
fov10_20c8p_r70_spatial semantic_lna_random_single k2=2 0.950189 0.001711 139207 7396 146603 0.978667 0.004537 5872 128 6000 0.000000 0.000000 25 0 25 35
fov10_20c8p_r70_spatial semantic_lna_random_single k2=3 0.958398 0.002791 140419 6184 146603 0.980500 0.005000 5883 117 6000 0.000000 0.000000 22 0 22 38
fov10_20c8p_r70_spatial semantic_lna_random_single k2=4 0.963678 0.005540 141201 5402 146603 0.980667 0.005508 5884 116 6000 0.000000 0.000000 23 0 23 37
fov10_20c8p_r70_spatial semantic_lna_random_single k2=5 0.969766 0.005553 142109 4494 146603 0.982500 0.004500 5895 105 6000 0.000000 0.000000 21 0 21 39
