fov10_20c8p_r70_extended semantic 0 0.951405 0.023931 116007 5825 121832 0.951071 0.013010 7989 411 8400 0.000000 0.000000 60 0 60 36
fov10_20c8p_r70_extended semantic 1 0.981899 0.006390 119725 2107 121832 0.984286 0.005498 8268 132 8400 0.156593 0.087352 35 5 30 61
fov10_20c8p_r70_extended semantic 2 0.993985 0.002422 121179 653 121832 0.995476 0.003785 8362 38 8400 0.484848 0.026243 19 9 10 77
fov10_20c8p_r70_extended semantic 3 0.998479 0.001506 121680 152 121832 0.999762 0.000412 8398 2 8400 0.888889 0.192450 12 11 1 84
fov10_20c8p_r70_extended semantic 4 0.999959 0.000054 121827 5 121832 1.000000 0.000000 8400 0 8400 1.000000 0.000000 12 12 0 84
fov10_20c8p_r70_extended semantic 5 1.000000 0.000000 121832 0 121832 1.000000 0.000000 8400 0 8400 1.000000 0.000000 12 12 0 84
fov10_20c8p_r70_extended semantic_random 0 0.951405 0.023931 116007 5825 121832 0.951071 0.013010 7989 411 8400 0.000000 0.000000 60 0 60 36
fov10_20c8p_r70_extended semantic_random 1 0.955805 0.022208 116552 5280 121832 0.958571 0.009603 8052 348 8400 0.000000 0.000000 57 0 57 39
fov10_20c8p_r70_extended semantic_random 2 0.960253 0.019534 117092 4740 121832 0.963809 0.007235 8096 304 8400 0.000000 0.000000 55 0 55 41
fov10_20c8p_r70_extended semantic_random 3 0.964073 0.017791 117568 4264 121832 0.968095 0.007579 8132 268 8400 0.017544 0.030387 56 1 55 40
fov10_20c8p_r70_extended semantic_random 4 0.968369 0.015269 118096 3736 121832 0.973571 0.007170 8178 222 8400 0.000000 0.000000 50 0 50 46
fov10_20c8p_r70_extended semantic_random 5 0.971453 0.013793 118458 3374 121832 0.975714 0.003863 8196 204 8400 0.000000 0.000000 52 0 52 44
fov10_20c8p_r70_extended semantic_lna k2=0 0.959242 0.020244 90820 3876 94696 0.958167 0.003819 5749 251 6000 0.000000 0.000000 39 0 39 28
fov10_20c8p_r70_extended semantic_lna k2=1 0.978656 0.008223 92645 2051 94696 0.968833 0.003329 5813 187 6000 0.022222 0.038490 32 1 31 35
fov10_20c8p_r70_extended semantic_lna k2=2 0.983422 0.008274 93105 1591 94696 0.974333 0.002363 5846 154 6000 0.044444 0.076980 30 2 28 37
fov10_20c8p_r70_extended semantic_lna k2=3 0.983955 0.008478 93156 1540 94696 0.974333 0.002363 5846 154 6000 0.044444 0.076980 30 2 28 37
fov10_20c8p_r70_extended semantic_lna k2=4 0.983955 0.008478 93156 1540 94696 0.974333 0.002363 5846 154 6000 0.044444 0.076980 30 2 28 37
fov10_20c8p_r70_extended semantic_lna k2=5 0.983955 0.008478 93156 1540 94696 0.974333 0.002363 5846 154 6000 0.044444 0.076980 30 2 28 37
fov10_20c8p_r70_extended semantic_lna_random k2=0 0.959242 0.020244 90820 3876 94696 0.958167 0.003819 5749 251 6000 0.000000 0.000000 39 0 39 28
fov10_20c8p_r70_extended semantic_lna_random k2=1 0.963700 0.017530 91238 3458 94696 0.963333 0.001041 5780 220 6000 0.000000 0.000000 37 0 37 30
fov10_20c8p_r70_extended semantic_lna_random k2=2 0.968323 0.013821 91672 3024 94696 0.964500 0.001323 5787 213 6000 0.000000 0.000000 38 0 38 29
fov10_20c8p_r70_extended semantic_lna_random k2=3 0.970872 0.012581 91912 2784 94696 0.966833 0.000289 5801 199 6000 0.022222 0.038490 37 1 36 30
fov10_20c8p_r70_extended semantic_lna_random k2=4 0.974355 0.010320 92239 2457 94696 0.967500 0.000500 5805 195 6000 0.022222 0.038490 38 1 37 29
fov10_20c8p_r70_extended semantic_lna_random k2=5 0.977058 0.008587 92496 2200 94696 0.970333 0.001528 5822 178 6000 0.022222 0.038490 35 1 34 32
fov10_20c8p_r70_extended semantic_lna_single k2=0 0.959502 0.020629 90842 3854 94696 0.958167 0.003819 5749 251 6000 0.000000 0.000000 38 0 38 29
fov10_20c8p_r70_extended semantic_lna_single k2=1 0.980520 0.010666 92841 1855 94696 0.972167 0.000764 5833 167 6000 0.027778 0.048112 28 1 27 39
fov10_20c8p_r70_extended semantic_lna_single k2=2 0.983960 0.010539 93163 1533 94696 0.973500 0.000500 5841 159 6000 0.027778 0.048112 25 1 24 42
fov10_20c8p_r70_extended semantic_lna_single k2=3 0.984128 0.010624 93179 1517 94696 0.973500 0.000500 5841 159 6000 0.027778 0.048112 25 1 24 42
fov10_20c8p_r70_extended semantic_lna_single k2=4 0.984139 0.010606 93180 1516 94696 0.973500 0.000500 5841 159 6000 0.027778 0.048112 25 1 24 42
fov10_20c8p_r70_extended semantic_lna_single k2=5 0.984139 0.010606 93180 1516 94696 0.973500 0.000500 5841 159 6000 0.027778 0.048112 25 1 24 42
fov10_20c8p_r70_extended semantic_lna_random_single k2=0 0.959502 0.020629 90842 3854 94696 0.958167 0.003819 5749 251 6000 0.000000 0.000000 38 0 38 29
fov10_20c8p_r70_extended semantic_lna_random_single k2=1 0.965397 0.017710 91405 3291 94696 0.964667 0.001756 5788 212 6000 0.000000 0.000000 38 0 38 29
fov10_20c8p_r70_extended semantic_lna_random_single k2=2 0.970009 0.015358 91853 2843 94696 0.966500 0.002000 5799 201 6000 0.000000 0.000000 36 0 36 31
fov10_20c8p_r70_extended semantic_lna_random_single k2=3 0.973968 0.013786 92222 2474 94696 0.969167 0.001528 5815 185 6000 0.000000 0.000000 34 0 34 33
fov10_20c8p_r70_extended semantic_lna_random_single k2=4 0.976454 0.011829 92454 2242 94696 0.969833 0.000764 5819 181 6000 0.000000 0.000000 33 0 33 34
fov10_20c8p_r70_extended semantic_lna_random_single k2=5 0.978755 0.010433 92669 2027 94696 0.971500 0.000500 5829 171 6000 0.000000 0.000000 31 0 31 36
