fov5_20c8p_r70_spatial semantic 0 0.882429 0.029346 180937 24053 204990 0.869167 0.020517 7301 1099 8400 0.025269 0.024437 126 3 123 23
fov5_20c8p_r70_spatial semantic 1 0.965806 0.014275 198035 6955 204990 0.983571 0.002575 8262 138 8400 0.455556 0.076980 92 42 50 57
fov5_20c8p_r70_spatial semantic 2 0.988041 0.005439 202548 2442 204990 0.998691 0.000744 8389 11 8400 0.880099 0.056481 70 61 9 79
fov5_20c8p_r70_spatial semantic 3 0.994573 0.003607 203887 1103 204990 1.000000 0.000000 8400 0 8400 1.000000 0.000000 66 66 0 83
fov5_20c8p_r70_spatial semantic 4 0.997792 0.001817 204546 444 204990 1.000000 0.000000 8400 0 8400 1.000000 0.000000 66 66 0 83
fov5_20c8p_r70_spatial semantic 5 0.999404 0.000558 204872 118 204990 1.000000 0.000000 8400 0 8400 1.000000 0.000000 66 66 0 83
fov5_20c8p_r70_spatial semantic_random 0 0.882429 0.029346 180937 24053 204990 0.869167 0.020517 7301 1099 8400 0.025269 0.024437 126 3 123 23
fov5_20c8p_r70_spatial semantic_random 1 0.898101 0.025669 184139 20851 204990 0.894762 0.015707 7516 884 8400 0.035112 0.030439 123 4 119 26
fov5_20c8p_r70_spatial semantic_random 2 0.911793 0.020005 186953 18037 204990 0.912381 0.017823 7664 736 8400 0.054054 0.054054 122 6 116 27
fov5_20c8p_r70_spatial semantic_random 3 0.922561 0.018169 189151 15839 204990 0.928333 0.013460 7798 602 8400 0.051367 0.029671 122 6 116 27
fov5_20c8p_r70_spatial semantic_random 4 0.932109 0.015271 191116 13874 204990 0.940000 0.012531 7896 504 8400 0.065026 0.016151 124 8 116 25
fov5_20c8p_r70_spatial semantic_random 5 0.942316 0.014272 193203 11787 204990 0.952143 0.007726 7998 402 8400 0.093593 0.012586 118 11 107 31
fov5_20c8p_r70_spatial semantic_lna k2=0 0.911940 0.019790 134447 12914 147361 0.847667 0.027687 5086 914 6000 0.030303 0.052486 104 3 101 15
fov5_20c8p_r70_spatial semantic_lna k2=1 0.950820 0.009939 140161 7200 147361 0.918333 0.017567 5510 490 6000 0.121967 0.077351 94 11 83 25
fov5_20c8p_r70_spatial semantic_lna k2=2 0.962522 0.006983 141856 5505 147361 0.924833 0.015940 5549 451 6000 0.165709 0.071340 94 15 79 25
fov5_20c8p_r70_spatial semantic_lna k2=3 0.964209 0.006844 142102 5259 147361 0.926000 0.015898 5556 444 6000 0.165709 0.071340 94 15 79 25
fov5_20c8p_r70_spatial semantic_lna k2=4 0.965842 0.007316 142337 5024 147361 0.926000 0.015898 5556 444 6000 0.165709 0.071340 94 15 79 25
fov5_20c8p_r70_spatial semantic_lna k2=5 0.966841 0.007951 142480 4881 147361 0.926000 0.015898 5556 444 6000 0.165709 0.071340 94 15 79 25
fov5_20c8p_r70_spatial semantic_lna_random k2=0 0.911940 0.019790 134447 12914 147361 0.847667 0.027687 5086 914 6000 0.030303 0.052486 104 3 101 15
fov5_20c8p_r70_spatial semantic_lna_random k2=1 0.923137 0.015875 136095 11266 147361 0.872167 0.028268 5233 767 6000 0.048794 0.046993 102 5 97 17
fov5_20c8p_r70_spatial semantic_lna_random k2=2 0.931268 0.013667 137283 10078 147361 0.884500 0.020839 5307 693 6000 0.060105 0.064967 101 6 95 18
fov5_20c8p_r70_spatial semantic_lna_random k2=3 0.936965 0.011927 138113 9248 147361 0.891833 0.019328 5351 649 6000 0.049802 0.048449 100 5 95 19
fov5_20c8p_r70_spatial semantic_lna_random k2=4 0.942493 0.011846 138925 8436 147361 0.900000 0.016530 5400 600 6000 0.082418 0.068983 99 8 91 20
fov5_20c8p_r70_spatial semantic_lna_random k2=5 0.948471 0.010024 139806 7555 147361 0.909833 0.018724 5459 541 6000 0.095226 0.037679 96 9 87 23
fov5_20c8p_r70_spatial semantic_lna_single k2=0 0.915562 0.016029 134972 12385 147357 0.857833 0.021032 5147 853 6000 0.021169 0.018340 102 2 100 14
fov5_20c8p_r70_spatial semantic_lna_single k2=1 0.953345 0.005628 140512 6845 147357 0.923500 0.017022 5541 459 6000 0.099067 0.017537 93 9 84 23
fov5_20c8p_r70_spatial semantic_lna_single k2=2 0.962770 0.006682 141880 5477 147357 0.929833 0.016780 5579 421 6000 0.139563 0.073611 90 12 78 26
fov5_20c8p_r70_spatial semantic_lna_single k2=3 0.964866 0.006835 142185 5172 147357 0.930500 0.016302 5583 417 6000 0.139563 0.073611 90 12 78 26
fov5_20c8p_r70_spatial semantic_lna_single k2=4 0.965977 0.007522 142346 5011 147357 0.930500 0.016302 5583 417 6000 0.139563 0.073611 90 12 78 26
fov5_20c8p_r70_spatial semantic_lna_single k2=5 0.966437 0.007933 142412 4945 147357 0.930500 0.016302 5583 417 6000 0.139563 0.073611 90 12 78 26
fov5_20c8p_r70_spatial semantic_lna_random_single k2=0 0.915562 0.016029 134972 12385 147357 0.857833 0.021032 5147 853 6000 0.021169 0.018340 102 2 100 14
fov5_20c8p_r70_spatial semantic_lna_random_single k2=1 0.928814 0.011959 136921 10436 147357 0.882000 0.020019 5292 708 6000 0.049802 0.016314 100 5 95 16
fov5_20c8p_r70_spatial semantic_lna_random_single k2=2 0.937654 0.009534 138210 9147 147357 0.898833 0.020835 5393 607 6000 0.050519 0.017302 99 5 94 17
fov5_20c8p_r70_spatial semantic_lna_random_single k2=3 0.943099 0.008016 139015 8342 147357 0.909167 0.021014 5455 545 6000 0.063741 0.010742 96 6 90 20
fov5_20c8p_r70_spatial semantic_lna_random_single k2=4 0.948938 0.007826 139866 7491 147357 0.915333 0.017765 5492 508 6000 0.062038 0.008444 98 6 92 18
fov5_20c8p_r70_spatial semantic_lna_random_single k2=5 0.952627 0.006528 140397 6960 147357 0.918667 0.017243 5512 488 6000 0.074249 0.026243 97 7 90 19
