fov5_20c8p_r70_extended semantic 0 0.914188 0.018443 115896 10446 126342 0.862143 0.025910 7242 1158 8400 0.008547 0.014804 111 1 110 9
fov5_20c8p_r70_extended semantic 1 0.958695 0.008667 121441 4901 126342 0.959286 0.004475 8058 342 8400 0.118827 0.067461 81 10 71 39
fov5_20c8p_r70_extended semantic 2 0.979218 0.006413 123926 2416 126342 0.986071 0.007380 8283 117 8400 0.612699 0.048872 54 33 21 66
fov5_20c8p_r70_extended semantic 3 0.990311 0.002471 125194 1148 126342 0.998809 0.000744 8390 10 8400 0.896581 0.055014 40 36 4 80
fov5_20c8p_r70_extended semantic 4 0.996647 0.001252 125940 402 126342 1.000000 0.000000 8400 0 8400 1.000000 0.000000 37 37 0 83
fov5_20c8p_r70_extended semantic 5 0.999627 0.000355 126294 48 126342 1.000000 0.000000 8400 0 8400 1.000000 0.000000 37 37 0 83
fov5_20c8p_r70_extended semantic_random 0 0.914188 0.018443 115896 10446 126342 0.862143 0.025910 7242 1158 8400 0.008547 0.014804 111 1 110 9
fov5_20c8p_r70_extended semantic_random 1 0.925703 0.017291 117337 9005 126342 0.889286 0.021276 7470 930 8400 0.008772 0.015194 108 1 107 12
fov5_20c8p_r70_extended semantic_random 2 0.936116 0.016305 118634 7708 126342 0.912024 0.020632 7661 739 8400 0.027348 0.026377 105 3 102 15
fov5_20c8p_r70_extended semantic_random 3 0.943985 0.014596 119576 6766 126342 0.921786 0.012096 7743 657 8400 0.018268 0.015825 107 2 105 13
fov5_20c8p_r70_extended semantic_random 4 0.950669 0.015240 120407 5935 126342 0.933095 0.015259 7838 562 8400 0.039827 0.046488 102 4 98 18
fov5_20c8p_r70_extended semantic_random 5 0.957292 0.012779 121210 5132 126342 0.943095 0.014959 7922 478 8400 0.060880 0.030558 98 6 92 22
fov5_20c8p_r70_extended semantic_lna k2=0 0.924298 0.017601 88433 7136 95569 0.863333 0.024987 5180 820 6000 0.000000 0.000000 84 0 84 9
fov5_20c8p_r70_extended semantic_lna k2=1 0.957394 0.013318 91537 4032 95569 0.911167 0.024214 5467 533 6000 0.037143 0.035800 74 3 71 19
fov5_20c8p_r70_extended semantic_lna k2=2 0.968619 0.014053 92605 2964 95569 0.921500 0.024140 5529 471 6000 0.097230 0.048071 68 7 61 25
fov5_20c8p_r70_extended semantic_lna k2=3 0.971323 0.013875 92860 2709 95569 0.921667 0.023861 5530 470 6000 0.097230 0.048071 68 7 61 25
fov5_20c8p_r70_extended semantic_lna k2=4 0.972025 0.014140 92926 2643 95569 0.921667 0.023861 5530 470 6000 0.097230 0.048071 68 7 61 25
fov5_20c8p_r70_extended semantic_lna k2=5 0.972100 0.014038 92933 2636 95569 0.921667 0.023861 5530 470 6000 0.097230 0.048071 68 7 61 25
fov5_20c8p_r70_extended semantic_lna_random k2=0 0.924298 0.017601 88433 7136 95569 0.863333 0.024987 5180 820 6000 0.000000 0.000000 84 0 84 9
fov5_20c8p_r70_extended semantic_lna_random k2=1 0.936079 0.016526 89530 6039 95569 0.883167 0.023687 5299 701 6000 0.011494 0.019909 82 1 81 11
fov5_20c8p_r70_extended semantic_lna_random k2=2 0.943234 0.016979 90194 5375 95569 0.890667 0.026274 5344 656 6000 0.034483 0.034483 84 3 81 9
fov5_20c8p_r70_extended semantic_lna_random k2=3 0.950092 0.017090 90828 4741 95569 0.898833 0.025121 5393 607 6000 0.035334 0.034515 82 3 79 11
fov5_20c8p_r70_extended semantic_lna_random k2=4 0.954848 0.017156 91286 4283 95569 0.904667 0.024871 5428 572 6000 0.037699 0.035879 78 3 75 15
fov5_20c8p_r70_extended semantic_lna_random k2=5 0.958004 0.017117 91582 3987 95569 0.908833 0.024116 5453 547 6000 0.037699 0.035879 76 3 73 17
fov5_20c8p_r70_extended semantic_lna_single k2=0 0.923383 0.017897 88316 7223 95539 0.865833 0.024548 5195 805 6000 0.000000 0.000000 83 0 83 10
fov5_20c8p_r70_extended semantic_lna_single k2=1 0.959652 0.011337 91748 3791 95539 0.913167 0.018536 5479 521 6000 0.039530 0.038506 69 3 66 24
fov5_20c8p_r70_extended semantic_lna_single k2=2 0.966975 0.007569 92441 3098 95539 0.923167 0.014003 5539 461 6000 0.108519 0.048257 63 7 56 30
fov5_20c8p_r70_extended semantic_lna_single k2=3 0.969846 0.008129 92713 2826 95539 0.923167 0.014003 5539 461 6000 0.108519 0.048257 63 7 56 30
fov5_20c8p_r70_extended semantic_lna_single k2=4 0.970096 0.008034 92737 2802 95539 0.923167 0.014003 5539 461 6000 0.108519 0.048257 63 7 56 30
fov5_20c8p_r70_extended semantic_lna_single k2=5 0.970106 0.008048 92738 2801 95539 0.923167 0.014003 5539 461 6000 0.108519 0.048257 63 7 56 30
fov5_20c8p_r70_extended semantic_lna_random_single k2=0 0.923383 0.017897 88316 7223 95539 0.865833 0.024548 5195 805 6000 0.000000 0.000000 83 0 83 10
fov5_20c8p_r70_extended semantic_lna_random_single k2=1 0.937918 0.015681 89688 5851 95539 0.884667 0.024374 5308 692 6000 0.011494 0.019909 83 1 82 10
fov5_20c8p_r70_extended semantic_lna_random_single k2=2 0.947029 0.012890 90546 4993 95539 0.896333 0.023116 5378 622 6000 0.012346 0.021383 77 1 76 16
fov5_20c8p_r70_extended semantic_lna_random_single k2=3 0.952753 0.013617 91088 4451 95539 0.904000 0.019793 5424 576 6000 0.011494 0.019909 79 1 78 14
fov5_20c8p_r70_extended semantic_lna_random_single k2=4 0.956569 0.012117 91445 4094 95539 0.908500 0.018520 5451 549 6000 0.012821 0.022206 74 1 73 19
fov5_20c8p_r70_extended semantic_lna_random_single k2=5 0.959202 0.012166 91698 3841 95539 0.910333 0.019763 5462 538 6000 0.012821 0.022206 73 1 72 20
