fov7_20c8p_r120_discriminative semantic 0 0.940160 0.004225 233555 14828 248383 0.798929 0.034994 6711 1689 8400 0.000000 0.000000 118 0 118 15
fov7_20c8p_r120_discriminative semantic 1 0.975284 0.006035 242260 6123 248383 0.967619 0.010621 8128 272 8400 0.227778 0.025459 89 20 69 44
fov7_20c8p_r120_discriminative semantic 2 0.991460 0.002694 246267 2116 248383 0.994167 0.003950 8351 49 8400 0.698618 0.105425 60 42 18 73
fov7_20c8p_r120_discriminative semantic 3 0.996871 0.001795 247609 774 248383 0.999286 0.000619 8394 6 8400 0.923809 0.016495 51 47 4 82
fov7_20c8p_r120_discriminative semantic 4 0.998934 0.000996 248119 264 248383 1.000000 0.000000 8400 0 8400 1.000000 0.000000 49 49 0 84
fov7_20c8p_r120_discriminative semantic 5 0.999858 0.000086 248348 35 248383 1.000000 0.000000 8400 0 8400 1.000000 0.000000 49 49 0 84
fov7_20c8p_r120_discriminative semantic_random 0 0.940160 0.004225 233555 14828 248383 0.798929 0.034994 6711 1689 8400 0.000000 0.000000 118 0 118 15
fov7_20c8p_r120_discriminative semantic_random 1 0.949560 0.005394 235885 12498 248383 0.845238 0.027762 7100 1300 8400 0.000000 0.000000 116 0 116 17
fov7_20c8p_r120_discriminative semantic_random 2 0.955828 0.005119 237437 10946 248383 0.872381 0.016294 7328 1072 8400 0.009009 0.015604 112 1 111 21
fov7_20c8p_r120_discriminative semantic_random 3 0.961635 0.005053 238875 9508 248383 0.895476 0.013422 7522 878 8400 0.027068 0.026348 111 3 108 22
fov7_20c8p_r120_discriminative semantic_random 4 0.966939 0.005885 240191 8192 248383 0.913929 0.008073 7677 723 8400 0.018533 0.016068 110 2 108 23
fov7_20c8p_r120_discriminative semantic_random 5 0.971827 0.004709 241400 6983 248383 0.932857 0.009923 7836 564 8400 0.047479 0.017374 106 5 101 27
fov7_20c8p_r120_discriminative semantic_lna k2=0 0.956244 0.010149 170074 7773 177847 0.852667 0.041882 5116 884 6000 0.000000 0.000000 83 0 83 14
fov7_20c8p_r120_discriminative semantic_lna k2=1 0.970270 0.005890 172566 5281 177847 0.908333 0.028637 5450 550 6000 0.023098 0.020146 78 2 76 19
fov7_20c8p_r120_discriminative semantic_lna k2=2 0.976597 0.003469 173686 4161 177847 0.913667 0.028646 5482 518 6000 0.024444 0.021430 75 2 73 22
fov7_20c8p_r120_discriminative semantic_lna k2=3 0.978289 0.002439 173988 3859 177847 0.914500 0.029013 5487 513 6000 0.024444 0.021430 73 2 71 24
fov7_20c8p_r120_discriminative semantic_lna k2=4 0.978806 0.002067 174079 3768 177847 0.914833 0.028444 5489 511 6000 0.024444 0.021430 73 2 71 24
fov7_20c8p_r120_discriminative semantic_lna k2=5 0.978874 0.001997 174091 3756 177847 0.914833 0.028444 5489 511 6000 0.024444 0.021430 73 2 71 24
fov7_20c8p_r120_discriminative semantic_lna_random k2=0 0.956244 0.010149 170074 7773 177847 0.852667 0.041882 5116 884 6000 0.000000 0.000000 83 0 83 14
fov7_20c8p_r120_discriminative semantic_lna_random k2=1 0.960786 0.008795 170880 6967 177847 0.870000 0.035086 5220 780 6000 0.000000 0.000000 83 0 83 14
fov7_20c8p_r120_discriminative semantic_lna_random k2=2 0.964504 0.007869 171540 6307 177847 0.882500 0.030631 5295 705 6000 0.010753 0.018624 82 1 81 15
fov7_20c8p_r120_discriminative semantic_lna_random k2=3 0.967710 0.006963 172109 5738 177847 0.893667 0.032929 5362 638 6000 0.010753 0.018624 81 1 80 16
fov7_20c8p_r120_discriminative semantic_lna_random k2=4 0.970284 0.005928 172566 5281 177847 0.897000 0.032821 5382 618 6000 0.010417 0.018042 81 1 80 16
fov7_20c8p_r120_discriminative semantic_lna_random k2=5 0.972550 0.005192 172968 4879 177847 0.904333 0.030072 5426 574 6000 0.010753 0.018624 79 1 78 18
fov7_20c8p_r120_discriminative semantic_lna_single k2=0 0.956244 0.010149 170074 7773 177847 0.852667 0.041882 5116 884 6000 0.000000 0.000000 83 0 83 14
fov7_20c8p_r120_discriminative semantic_lna_single k2=1 0.967759 0.005625 172121 5726 177847 0.889167 0.032788 5335 665 6000 0.022657 0.019698 78 2 76 19
fov7_20c8p_r120_discriminative semantic_lna_single k2=2 0.971445 0.003674 172776 5071 177847 0.892333 0.034700 5354 646 6000 0.023098 0.020146 76 2 74 21
fov7_20c8p_r120_discriminative semantic_lna_single k2=3 0.972095 0.003376 172892 4955 177847 0.892667 0.034584 5356 644 6000 0.023098 0.020146 76 2 74 21
fov7_20c8p_r120_discriminative semantic_lna_single k2=4 0.972230 0.003283 172916 4931 177847 0.892667 0.034584 5356 644 6000 0.023098 0.020146 76 2 74 21
fov7_20c8p_r120_discriminative semantic_lna_single k2=5 0.972253 0.003251 172920 4927 177847 0.892667 0.034584 5356 644 6000 0.023098 0.020146 76 2 74 21
fov7_20c8p_r120_discriminative semantic_lna_random_single k2=0 0.956244 0.010149 170074 7773 177847 0.852667 0.041882 5116 884 6000 0.000000 0.000000 83 0 83 14
fov7_20c8p_r120_discriminative semantic_lna_random_single k2=1 0.961117 0.009213 170940 6907 177847 0.870667 0.038146 5224 776 6000 0.000000 0.000000 82 0 82 15
fov7_20c8p_r120_discriminative semantic_lna_random_single k2=2 0.964045 0.008041 171460 6387 177847 0.876667 0.039346 5260 740 6000 0.000000 0.000000 82 0 82 15
fov7_20c8p_r120_discriminative semantic_lna_random_single k2=3 0.966768 0.006287 171944 5903 177847 0.884500 0.039500 5307 693 6000 0.011905 0.020619 78 1 77 19
fov7_20c8p_r120_discriminative semantic_lna_random_single k2=4 0.968315 0.005443 172219 5628 177847 0.885667 0.036587 5314 686 6000 0.010753 0.018624 79 1 78 18
fov7_20c8p_r120_discriminative semantic_lna_random_single k2=5 0.969559 0.005135 172440 5407 177847 0.888167 0.037072 5329 671 6000 0.022321 0.019459 80 2 78 17
