fov7_20c8p_r70_extended semantic 0 0.928549 0.027559 117248 8742 125990 0.881785 0.037781 7407 993 8400 0.031435 0.002960 96 3 93 15
fov7_20c8p_r70_extended semantic 1 0.967700 0.012041 122151 3839 125990 0.966429 0.004949 8118 282 8400 0.081154 0.043281 67 5 62 44
fov7_20c8p_r70_extended semantic 2 0.982403 0.007823 123965 2025 125990 0.986905 0.002378 8290 110 8400 0.529991 0.132155 43 23 20 68
fov7_20c8p_r70_extended semantic 3 0.990781 0.003480 124924 1066 125990 0.997976 0.001833 8383 17 8400 0.865385 0.126105 30 25 5 81
fov7_20c8p_r70_extended semantic 4 0.998062 0.000876 125760 230 125990 1.000000 0.000000 8400 0 8400 1.000000 0.000000 27 27 0 84
fov7_20c8p_r70_extended semantic 5 0.999860 0.000138 125973 17 125990 1.000000 0.000000 8400 0 8400 1.000000 0.000000 27 27 0 84
fov7_20c8p_r70_extended semantic_random 0 0.928549 0.027559 117248 8742 125990 0.881785 0.037781 7407 993 8400 0.031435 0.002960 96 3 93 15
fov7_20c8p_r70_extended semantic_random 1 0.938482 0.024146 118502 7488 125990 0.906667 0.027153 7616 784 8400 0.032129 0.003135 94 3 91 17
fov7_20c8p_r70_extended semantic_random 2 0.946286 0.021695 119490 6500 125990 0.922262 0.022704 7747 653 8400 0.042523 0.019274 95 4 91 16
fov7_20c8p_r70_extended semantic_random 3 0.952777 0.019769 120308 5682 125990 0.933095 0.016874 7838 562 8400 0.043932 0.016257 90 4 86 21
fov7_20c8p_r70_extended semantic_random 4 0.957904 0.018439 120927 5063 125990 0.940833 0.014658 7903 497 8400 0.033377 0.004628 91 3 88 20
fov7_20c8p_r70_extended semantic_random 5 0.964231 0.015795 121704 4286 125990 0.951548 0.009757 7993 407 8400 0.044962 0.017035 88 4 84 23
fov7_20c8p_r70_extended semantic_lna k2=0 0.936135 0.013903 89217 6023 95240 0.878167 0.044951 5269 731 6000 0.041861 0.003501 72 3 69 15
fov7_20c8p_r70_extended semantic_lna k2=1 0.963159 0.016595 91729 3511 95240 0.920833 0.035385 5525 475 6000 0.047212 0.008554 65 3 62 22
fov7_20c8p_r70_extended semantic_lna k2=2 0.968682 0.015446 92263 2977 95240 0.927667 0.034250 5566 434 6000 0.067909 0.043317 64 4 60 23
fov7_20c8p_r70_extended semantic_lna k2=3 0.970519 0.014778 92435 2805 95240 0.928000 0.033679 5568 432 6000 0.068422 0.042800 63 4 59 24
fov7_20c8p_r70_extended semantic_lna k2=4 0.971442 0.014959 92522 2718 95240 0.928000 0.033679 5568 432 6000 0.068422 0.042800 63 4 59 24
fov7_20c8p_r70_extended semantic_lna k2=5 0.971807 0.015296 92557 2683 95240 0.928000 0.033679 5568 432 6000 0.068422 0.042800 63 4 59 24
fov7_20c8p_r70_extended semantic_lna_random k2=0 0.936135 0.013903 89217 6023 95240 0.878167 0.044951 5269 731 6000 0.041861 0.003501 72 3 69 15
fov7_20c8p_r70_extended semantic_lna_random k2=1 0.945449 0.015394 90079 5161 95240 0.894333 0.040045 5366 634 6000 0.041861 0.003501 72 3 69 15
fov7_20c8p_r70_extended semantic_lna_random k2=2 0.952453 0.015717 90732 4508 95240 0.905667 0.036621 5434 566 6000 0.041861 0.003501 72 3 69 15
fov7_20c8p_r70_extended semantic_lna_random k2=3 0.957296 0.016743 91180 4060 95240 0.910167 0.035722 5461 539 6000 0.042465 0.003605 71 3 68 16
fov7_20c8p_r70_extended semantic_lna_random k2=4 0.960504 0.016110 91479 3761 95240 0.914500 0.034209 5487 513 6000 0.042978 0.002762 70 3 67 17
fov7_20c8p_r70_extended semantic_lna_random k2=5 0.963291 0.015690 91745 3495 95240 0.917000 0.033343 5502 498 6000 0.044358 0.003926 68 3 65 19
fov7_20c8p_r70_extended semantic_lna_single k2=0 0.940609 0.014527 89637 5607 95244 0.882333 0.034858 5294 706 6000 0.042374 0.002795 71 3 68 15
fov7_20c8p_r70_extended semantic_lna_single k2=1 0.967678 0.009313 92198 3046 95244 0.921833 0.022307 5531 469 6000 0.049543 0.005318 61 3 58 25
fov7_20c8p_r70_extended semantic_lna_single k2=2 0.972371 0.009086 92649 2595 95244 0.928000 0.018755 5568 432 6000 0.086835 0.035762 59 5 54 27
fov7_20c8p_r70_extended semantic_lna_single k2=3 0.974025 0.008939 92806 2438 95244 0.928500 0.018255 5571 429 6000 0.086835 0.035762 59 5 54 27
fov7_20c8p_r70_extended semantic_lna_single k2=4 0.974330 0.008884 92835 2409 95244 0.928500 0.018255 5571 429 6000 0.086835 0.035762 59 5 54 27
fov7_20c8p_r70_extended semantic_lna_single k2=5 0.974330 0.008884 92835 2409 95244 0.928500 0.018255 5571 429 6000 0.086835 0.035762 59 5 54 27
fov7_20c8p_r70_extended semantic_lna_random_single k2=0 0.940609 0.014527 89637 5607 95244 0.882333 0.034858 5294 706 6000 0.042374 0.002795 71 3 68 15
fov7_20c8p_r70_extended semantic_lna_random_single k2=1 0.951727 0.012773 90683 4561 95244 0.902667 0.025507 5416 584 6000 0.042978 0.002762 70 3 67 16
fov7_20c8p_r70_extended semantic_lna_random_single k2=2 0.958179 0.011464 91302 3942 95244 0.909333 0.022530 5456 544 6000 0.043533 0.001895 69 3 66 17
fov7_20c8p_r70_extended semantic_lna_random_single k2=3 0.962442 0.011817 91698 3546 95244 0.914667 0.023261 5488 512 6000 0.046311 0.003344 65 3 62 21
fov7_20c8p_r70_extended semantic_lna_random_single k2=4 0.964997 0.010224 91947 3297 95244 0.917333 0.020811 5504 496 6000 0.047619 0.000000 63 3 60 23
fov7_20c8p_r70_extended semantic_lna_random_single k2=5 0.967955 0.009403 92229 3015 95244 0.920500 0.019255 5523 477 6000 0.063564 0.027524 63 4 59 23
