fov7_20c8p_r70_spatial semantic 0 0.896530 0.029659 183685 21202 204887 0.887500 0.017335 7455 945 8400 0.034036 0.017486 121 4 117 23
fov7_20c8p_r70_spatial semantic 1 0.970784 0.012176 198906 5981 204887 0.985714 0.002500 8280 120 8400 0.437657 0.102610 87 38 49 57
fov7_20c8p_r70_spatial semantic 2 0.990442 0.003101 202932 1955 204887 0.998810 0.001148 8390 10 8400 0.901234 0.059529 63 57 6 81
fov7_20c8p_r70_spatial semantic 3 0.995773 0.002202 204020 867 204887 1.000000 0.000000 8400 0 8400 1.000000 0.000000 61 61 0 83
fov7_20c8p_r70_spatial semantic 4 0.998765 0.000541 204637 250 204887 1.000000 0.000000 8400 0 8400 1.000000 0.000000 61 61 0 83
fov7_20c8p_r70_spatial semantic 5 0.999770 0.000231 204840 47 204887 1.000000 0.000000 8400 0 8400 1.000000 0.000000 61 61 0 83
fov7_20c8p_r70_spatial semantic_random 0 0.896530 0.029659 183685 21202 204887 0.887500 0.017335 7455 945 8400 0.034036 0.017486 121 4 117 23
fov7_20c8p_r70_spatial semantic_random 1 0.909483 0.024903 186336 18551 204887 0.905714 0.012832 7608 792 8400 0.034537 0.018346 120 4 116 24
fov7_20c8p_r70_spatial semantic_random 2 0.919459 0.022557 188384 16503 204887 0.923095 0.010002 7754 646 8400 0.044473 0.019332 117 5 112 27
fov7_20c8p_r70_spatial semantic_random 3 0.931167 0.019563 190773 14114 204887 0.939167 0.010952 7889 511 8400 0.080423 0.033647 116 9 107 28
fov7_20c8p_r70_spatial semantic_random 4 0.938093 0.017747 192208 12679 204887 0.948691 0.009431 7969 431 8400 0.095124 0.042137 110 10 100 34
fov7_20c8p_r70_spatial semantic_random 5 0.946763 0.016505 193974 10913 204887 0.957143 0.005901 8040 360 8400 0.078283 0.029122 116 9 107 28
fov7_20c8p_r70_spatial semantic_lna k2=0 0.918940 0.016810 135380 11881 147261 0.860167 0.034148 5161 839 6000 0.050877 0.050023 101 5 96 16
fov7_20c8p_r70_spatial semantic_lna k2=1 0.955510 0.006383 140778 6483 147261 0.921667 0.029905 5530 470 6000 0.115841 0.060838 88 10 78 29
fov7_20c8p_r70_spatial semantic_lna k2=2 0.963275 0.007455 141900 5361 147261 0.925833 0.029738 5555 445 6000 0.117670 0.059292 86 10 76 31
fov7_20c8p_r70_spatial semantic_lna k2=3 0.964891 0.007608 142137 5124 147261 0.926500 0.029407 5559 441 6000 0.130015 0.048560 86 11 75 31
fov7_20c8p_r70_spatial semantic_lna k2=4 0.965754 0.007438 142262 4999 147261 0.926500 0.029407 5559 441 6000 0.130015 0.048560 86 11 75 31
fov7_20c8p_r70_spatial semantic_lna k2=5 0.966019 0.007458 142300 4961 147261 0.926500 0.029407 5559 441 6000 0.130015 0.048560 86 11 75 31
fov7_20c8p_r70_spatial semantic_lna_random k2=0 0.918940 0.016810 135380 11881 147261 0.860167 0.034148 5161 839 6000 0.050877 0.050023 101 5 96 16
fov7_20c8p_r70_spatial semantic_lna_random k2=1 0.929997 0.013227 137004 10257 147261 0.880000 0.031894 5280 720 6000 0.050877 0.050023 101 5 96 16
fov7_20c8p_r70_spatial semantic_lna_random k2=2 0.937952 0.011798 138176 9085 147261 0.893167 0.033382 5359 641 6000 0.050877 0.050023 99 5 94 18
fov7_20c8p_r70_spatial semantic_lna_random k2=3 0.943744 0.008558 139026 8235 147261 0.899500 0.028649 5397 603 6000 0.061988 0.034304 98 6 92 19
fov7_20c8p_r70_spatial semantic_lna_random k2=4 0.948512 0.008661 139729 7532 147261 0.907667 0.027975 5446 554 6000 0.063995 0.069501 94 6 88 23
fov7_20c8p_r70_spatial semantic_lna_random k2=5 0.952950 0.008295 140377 6884 147261 0.913833 0.029267 5483 517 6000 0.075397 0.071758 91 7 84 26
fov7_20c8p_r70_spatial semantic_lna_single k2=0 0.925259 0.010477 136308 10944 147252 0.878667 0.020751 5272 728 6000 0.050427 0.050005 94 5 89 18
fov7_20c8p_r70_spatial semantic_lna_single k2=1 0.956491 0.008248 140867 6385 147252 0.932167 0.014785 5593 407 6000 0.123164 0.029304 83 10 73 29
fov7_20c8p_r70_spatial semantic_lna_single k2=2 0.962998 0.009518 141810 5442 147252 0.934833 0.013733 5609 391 6000 0.137657 0.042485 83 11 72 29
fov7_20c8p_r70_spatial semantic_lna_single k2=3 0.964530 0.009398 142034 5218 147252 0.935500 0.012971 5613 387 6000 0.152149 0.063336 83 12 71 29
fov7_20c8p_r70_spatial semantic_lna_single k2=4 0.965131 0.009355 142121 5131 147252 0.935500 0.012971 5613 387 6000 0.152149 0.063336 83 12 71 29
fov7_20c8p_r70_spatial semantic_lna_single k2=5 0.965246 0.009243 142138 5114 147252 0.935500 0.012971 5613 387 6000 0.152149 0.063336 83 12 71 29
fov7_20c8p_r70_spatial semantic_lna_random_single k2=0 0.925259 0.010477 136308 10944 147252 0.878667 0.020751 5272 728 6000 0.050427 0.050005 94 5 89 18
fov7_20c8p_r70_spatial semantic_lna_random_single k2=1 0.936988 0.007959 138017 9235 147252 0.899500 0.021743 5397 603 6000 0.050877 0.050023 93 5 88 19
fov7_20c8p_r70_spatial semantic_lna_random_single k2=2 0.944522 0.009332 139117 8135 147252 0.911500 0.019698 5469 531 6000 0.065916 0.032963 91 6 85 21
fov7_20c8p_r70_spatial semantic_lna_random_single k2=3 0.948749 0.008037 139734 7518 147252 0.919333 0.020127 5516 484 6000 0.080779 0.024048 89 7 82 23
fov7_20c8p_r70_spatial semantic_lna_random_single k2=4 0.953855 0.009903 140475 6777 147252 0.923333 0.015987 5540 460 6000 0.091672 0.010489 87 8 79 25
fov7_20c8p_r70_spatial semantic_lna_random_single k2=5 0.956142 0.009643 140810 6442 147252 0.926667 0.015767 5560 440 6000 0.069805 0.033693 85 6 79 27
