fov7_20c8p_r70_discriminative semantic 0 0.929954 0.022034 231512 17461 248973 0.933333 0.002031 7840 560 8400 0.012821 0.022206 64 1 63 35
fov7_20c8p_r70_discriminative semantic 1 0.970315 0.015029 241581 7392 248973 0.986905 0.005017 8290 110 8400 0.181217 0.179948 44 9 35 55
fov7_20c8p_r70_discriminative semantic 2 0.986871 0.004248 245702 3271 248973 0.996310 0.000546 8369 31 8400 0.355922 0.232452 26 11 15 73
fov7_20c8p_r70_discriminative semantic 3 0.993975 0.002611 247477 1496 248973 0.998809 0.000744 8390 10 8400 0.633333 0.284800 19 14 5 80
fov7_20c8p_r70_discriminative semantic 4 0.997716 0.001194 248404 569 248973 0.999524 0.000825 8396 4 8400 0.933333 0.115470 16 15 1 83
fov7_20c8p_r70_discriminative semantic 5 0.999810 0.000052 248926 47 248973 1.000000 0.000000 8400 0 8400 1.000000 0.000000 15 15 0 84
fov7_20c8p_r70_discriminative semantic_random 0 0.929954 0.022034 231512 17461 248973 0.933333 0.002031 7840 560 8400 0.012821 0.022206 64 1 63 35
fov7_20c8p_r70_discriminative semantic_random 1 0.938958 0.020513 233763 15210 248973 0.944881 0.003221 7937 463 8400 0.040000 0.069282 63 3 60 36
fov7_20c8p_r70_discriminative semantic_random 2 0.946346 0.017464 235610 13363 248973 0.952143 0.002500 7998 402 8400 0.015152 0.026243 58 1 57 41
fov7_20c8p_r70_discriminative semantic_random 3 0.951721 0.017714 236950 12023 248973 0.959167 0.002431 8057 343 8400 0.058333 0.062915 58 4 54 41
fov7_20c8p_r70_discriminative semantic_random 4 0.957499 0.014699 238391 10582 248973 0.968571 0.002575 8136 264 8400 0.064286 0.072492 56 4 52 43
fov7_20c8p_r70_discriminative semantic_random 5 0.961129 0.013575 239298 9675 248973 0.972500 0.002835 8169 231 8400 0.046970 0.045530 57 3 54 42
fov7_20c8p_r70_discriminative semantic_lna k2=0 0.944888 0.031701 168479 9797 178276 0.921833 0.007572 5531 469 6000 0.015873 0.027493 53 1 52 22
fov7_20c8p_r70_discriminative semantic_lna k2=1 0.964829 0.020574 172015 6261 178276 0.946500 0.002646 5679 321 6000 0.074074 0.128300 48 4 44 27
fov7_20c8p_r70_discriminative semantic_lna k2=2 0.976386 0.008483 174071 4205 178276 0.950667 0.001756 5704 296 6000 0.092593 0.115648 46 5 41 29
fov7_20c8p_r70_discriminative semantic_lna k2=3 0.980643 0.006731 174829 3447 178276 0.954333 0.000764 5726 274 6000 0.096296 0.114035 42 5 37 33
fov7_20c8p_r70_discriminative semantic_lna k2=4 0.983227 0.004506 175284 2992 178276 0.954500 0.000500 5727 273 6000 0.096296 0.114035 42 5 37 33
fov7_20c8p_r70_discriminative semantic_lna k2=5 0.984449 0.002960 175503 2773 178276 0.955167 0.000764 5731 269 6000 0.096296 0.114035 41 5 36 34
fov7_20c8p_r70_discriminative semantic_lna_random k2=0 0.944888 0.031701 168479 9797 178276 0.921833 0.007572 5531 469 6000 0.015873 0.027493 53 1 52 22
fov7_20c8p_r70_discriminative semantic_lna_random k2=1 0.950882 0.029501 169543 8733 178276 0.927500 0.006062 5565 435 6000 0.015873 0.027493 53 1 52 22
fov7_20c8p_r70_discriminative semantic_lna_random k2=2 0.955442 0.026069 170352 7924 178276 0.932167 0.006788 5593 407 6000 0.015873 0.027493 50 1 49 25
fov7_20c8p_r70_discriminative semantic_lna_random k2=3 0.959558 0.024695 171080 7196 178276 0.939333 0.005299 5636 364 6000 0.016667 0.028868 48 1 47 27
fov7_20c8p_r70_discriminative semantic_lna_random k2=4 0.963593 0.022312 171795 6481 178276 0.941167 0.003753 5647 353 6000 0.016667 0.028868 48 1 47 27
fov7_20c8p_r70_discriminative semantic_lna_random k2=5 0.967174 0.019924 172432 5844 178276 0.945500 0.002179 5673 327 6000 0.055556 0.096225 45 3 42 30
fov7_20c8p_r70_discriminative semantic_lna_single k2=0 0.944888 0.031701 168479 9797 178276 0.921833 0.007572 5531 469 6000 0.015873 0.027493 53 1 52 22
fov7_20c8p_r70_discriminative semantic_lna_single k2=1 0.962458 0.018639 171600 6676 178276 0.942333 0.002843 5654 346 6000 0.078431 0.135847 47 4 43 28
fov7_20c8p_r70_discriminative semantic_lna_single k2=2 0.973958 0.005979 173646 4630 178276 0.946333 0.002754 5678 322 6000 0.098039 0.122451 44 5 39 31
fov7_20c8p_r70_discriminative semantic_lna_single k2=3 0.978035 0.004087 174372 3904 178276 0.950667 0.003329 5704 296 6000 0.120262 0.154210 40 6 34 35
fov7_20c8p_r70_discriminative semantic_lna_single k2=4 0.980651 0.002352 174833 3443 178276 0.950833 0.003055 5705 295 6000 0.120262 0.154210 40 6 34 35
fov7_20c8p_r70_discriminative semantic_lna_single k2=5 0.982535 0.002811 175171 3105 178276 0.951500 0.002000 5709 291 6000 0.120262 0.154210 39 6 33 36
fov7_20c8p_r70_discriminative semantic_lna_random_single k2=0 0.944888 0.031701 168479 9797 178276 0.921833 0.007572 5531 469 6000 0.015873 0.027493 53 1 52 22
fov7_20c8p_r70_discriminative semantic_lna_random_single k2=1 0.950233 0.028985 169429 8847 178276 0.929667 0.003547 5578 422 6000 0.050000 0.086603 52 3 49 23
fov7_20c8p_r70_discriminative semantic_lna_random_single k2=2 0.954691 0.026363 170222 8054 178276 0.936667 0.004368 5620 380 6000 0.052632 0.091161 50 3 47 25
fov7_20c8p_r70_discriminative semantic_lna_random_single k2=3 0.958865 0.023365 170963 7313 178276 0.940833 0.003753 5645 355 6000 0.058824 0.101886 45 3 42 30
fov7_20c8p_r70_discriminative semantic_lna_random_single k2=4 0.961950 0.021468 171512 6764 178276 0.941000 0.001500 5646 354 6000 0.052632 0.091161 48 3 45 27
fov7_20c8p_r70_discriminative semantic_lna_random_single k2=5 0.965991 0.017322 172229 6047 178276 0.944167 0.002082 5665 335 6000 0.070175 0.121547 46 4 42 29
